local a=game.Players;local b=a.LocalPlayer;local c=b.Character.HumanoidRootPart;local d=game:GetService("ReplicatedStorage")local e=b.Data.Level.Value;local f=game:GetService("TeleportService")local g=game:GetService("TweenService")local h=game:GetService("Lighting")local i=workspace.Enemies;local j=game:GetService("VirtualInputManager")local l=game:GetService("VirtualUser")local m=b.Team;local n=game:GetService("RunService")local o=game:GetService("Stats")local p=b.Character.Energy.Value;local q=game:GetService("Players")local r=q.LocalPlayer:WaitForChild("PlayerGui")local s=q.LocalPlayer;local t=s:WaitForChild("Backpack")local u=s.Character or s.CharacterAdded:Wait()local v={}local w={}local x={}local y={}local z=false;local A=false;local B=true;local C=false;local D=false;local E=false;local F=false;local G=.1;local H=0;local I=25;repeat local a=b.PlayerGui:WaitForChild("Main"):WaitForChild("Loading")and game:IsLoaded()wait()until a;if game.PlaceId==2753915549 or game.PlaceId==85211729168715 then World1=true elseif game.PlaceId==4442272183 or game.PlaceId==79091703265657 then World2=true elseif game.PlaceId==7449423635 or game.PlaceId==100117331123089 then World3=true end;Marines=function()d.Remotes.CommF_:InvokeServer("SetTeam","Marines")end;Pirates=function()d.Remotes.CommF_:InvokeServer("SetTeam","Pirates")end;if World1 then v={"The Gorilla King","Bobby","The Saw","Yeti","Mob Leader","Vice Admiral","Saber Expert","Warden","Chief Warden","Swan","Magma Admiral","Fishman Lord","Wysper","Thunder God","Cyborg","Ice Admiral","Greybeard"}elseif World2 then v={"Diamond","Jeremy","Fajita","Don Swan","Smoke Admiral","Awakened Ice Admiral","Tide Keeper","Darkbeard","Cursed Captain","Order"}elseif World3 then v={"Stone","Hydra Leader","Kilo Admiral","Captain Elephant","Beautiful Pirate","Cake Queen","Longma","Soul Reaper"}end;if World1 then x={"Leather + Scrap Metal","Angel Wings","Magma Ore","Fish Tail"}elseif World2 then x={"Leather + Scrap Metal","Radioactive Material","Ectoplasm","Mystic Droplet","Magma Ore","Vampire Fang"}elseif World3 then x={"Scrap Metal","Demonic Wisp","Conjured Cocoa","Dragon Scale","Gunpowder","Fish Tail","Mini Tusk"}end;local J={"Flame","Ice","Quake","Light","Dark","String","Rumble","Magma","Human: Buddha","Sand","Bird: Phoenix","Dough"}local K={"Snow Lurker","Arctic Warrior","Hidden Key","Awakened Ice Admiral"}local L={Mob="Mythological Pirate",Mob2="Cursed Skeleton","Hell\'s Messenger",Mob3="Cursed Skeleton","Heaven\'s Guardian"}local M={"Part","SpawnLocation","Terrain","WedgePart","MeshPart"}local N={"Swan Pirate","Jeremy"}local O={"Forest Pirate","Captain Elephant"}local P={"Fajita","Jeremy","Diamond"}local Q={"Beast Hunter","Lantern","Guardian","Grand Brigade","Dinghy","Sloop","The Sentinel"}local R={"Cookie Crafter"}local S={"Reborn Skeleton"}local T={["Pirate Millionaire"]=CFrame.new(-712.82727050781,98.577049255371,5711.9541015625),["Pistol Billionaire"]=CFrame.new(-723.43316650391,147.42906188965,5931.9931640625),["Dragon Crew Warrior"]=CFrame.new(7021.5043945312,55.762702941895,-730.12908935547),["Dragon Crew Archer"]=CFrame.new(6625,378,244),["Female Islander"]=CFrame.new(4692.7939453125,797.97668457031,858.84802246094),["Venomous Assailant"]=CFrame.new(4902,670,39),["Marine Commodore"]=CFrame.new(2401,123,-7589),["Marine Rear Admiral"]=CFrame.new(3588,229,-7085),["Fishman Raider"]=CFrame.new(-10941,332,-8760),["Fishman Captain"]=CFrame.new(-11035,332,-9087),["Forest Pirate"]=CFrame.new(-13446,413,-7760),["Mythological Pirate"]=CFrame.new(-13510,584,-6987),["Jungle Pirate"]=CFrame.new(-11778,426,-10592),["Musketeer Pirate"]=CFrame.new(-13282,496,-9565),["Reborn Skeleton"]=CFrame.new(-8764,142,5963),["Living Zombie"]=CFrame.new(-10227,421,6161),["Demonic Soul"]=CFrame.new(-9579,6,6194),["Posessed Mummy"]=CFrame.new(-9579,6,6194),["Peanut Scout"]=CFrame.new(-1993,187,-10103),["Peanut President"]=CFrame.new(-2215,159,-10474),["Ice Cream Chef"]=CFrame.new(-877,118,-11032),["Ice Cream Commander"]=CFrame.new(-877,118,-11032),["Cookie Crafter"]=CFrame.new(-2021,38,-12028),["Cake Guard"]=CFrame.new(-2024,38,-12026),["Baking Staff"]=CFrame.new(-1932,38,-12848),["Head Baker"]=CFrame.new(-1932,38,-12848),["Cocoa Warrior"]=CFrame.new(95,73,-12309),["Chocolate Bar Battler"]=CFrame.new(647,42,-12401),["Sweet Thief"]=CFrame.new(116,36,-12478),["Candy Rebel"]=CFrame.new(47,61,-12889),Ghost=CFrame.new(5251,5,1111)}EquipWeapon=function(a)if not a then return end;if b.Backpack:FindFirstChild(a)then b.Character.Humanoid:EquipTool(b.Backpack:FindFirstChild(a))end end;weaponSc=function(a)for b,c in pairs(b.Backpack:GetChildren())do if c:IsA("Tool")then if c.ToolTip==a then EquipWeapon(c.Name)end end end end;hookfunction(require(game:GetService("ReplicatedStorage").Effect.Container.Death),function()end)hookfunction(require(game:GetService("ReplicatedStorage"):WaitForChild("GuideModule")).ChangeDisplayedNPC,function()end)hookfunction(error,function()end)hookfunction(warn,function()end)local U=workspace:FindFirstChild("Rocks")if U then U:Destroy()end;gay=(function()local a=game:GetService("Lighting")local b=a:FindFirstChild("LightingLayers")if b and(game:GetService("Lighting")and game:GetService("Lighting"))then local a=b:FindFirstChild("DarkFog")if a then a:Destroy()end end end)()local V={}V.__index=V;V.Alive=function(a)if not a then return end;local b=a:FindFirstChild("Humanoid")return b and b.Health>0 end;V.Pos=function(a,b)return(c.Position-mode.Position).Magnitude<=b end;V.Dist=function(a,b)return(c.Position-a:FindFirstChild("HumanoidRootPart").Position).Magnitude<=b end;V.DistH=function(a,b)return(c.Position-a:FindFirstChild("HumanoidRootPart").Position).Magnitude>b end;V.Kill=function(a,b)if a and b then if not a:GetAttribute("Locked")then a:SetAttribute("Locked",a.HumanoidRootPart.CFrame)end;PosMon=a:GetAttribute("Locked").Position;BringEnemy()EquipWeapon(_G.SelectWeapon)local b=game.Players.LocalPlayer.Character:FindFirstChildOfClass("Tool")local c=b.ToolTip;if c=="Blox Fruit"then _tp(a.HumanoidRootPart.CFrame*CFrame.new(0,10,0)*CFrame.Angles(0,math.rad(90),0))else _tp(a.HumanoidRootPart.CFrame*CFrame.new(0,30,0)*CFrame.Angles(0,math.rad(180),0))end;if RandomCFrame then wait(.5)_tp(a.HumanoidRootPart.CFrame*CFrame.new(0,30,25))wait(.5)_tp(a.HumanoidRootPart.CFrame*CFrame.new(25,30,0))wait(.5)_tp(a.HumanoidRootPart.CFrame*CFrame.new(-25,30,0))wait(.5)_tp(a.HumanoidRootPart.CFrame*CFrame.new(0,30,25))wait(.5)_tp(a.HumanoidRootPart.CFrame*CFrame.new(-25,30,0))end end end;V.Kill2=function(a,b)if a and b then if not a:GetAttribute("Locked")then a:SetAttribute("Locked",a.HumanoidRootPart.CFrame)end;PosMon=a:GetAttribute("Locked").Position;BringEnemy()EquipWeapon(_G.SelectWeapon)local b=game.Players.LocalPlayer.Character:FindFirstChildOfClass("Tool")local c=b.ToolTip;if c=="Blox Fruit"then _tp(a.HumanoidRootPart.CFrame*CFrame.new(0,10,0)*CFrame.Angles(0,math.rad(90),0))else _tp(a.HumanoidRootPart.CFrame*CFrame.new(0,30,8)*CFrame.Angles(0,math.rad(180),0))end;if RandomCFrame then wait(.1)_tp(a.HumanoidRootPart.CFrame*CFrame.new(0,30,25))wait(.1)_tp(a.HumanoidRootPart.CFrame*CFrame.new(25,30,0))wait(.1)_tp(a.HumanoidRootPart.CFrame*CFrame.new(-25,30,0))wait(.1)_tp(a.HumanoidRootPart.CFrame*CFrame.new(0,30,25))wait(.1)_tp(a.HumanoidRootPart.CFrame*CFrame.new(-25,30,0))end end end;V.KillSea=function(a,b)if a and b then if not a:GetAttribute("Locked")then a:SetAttribute("Locked",a.HumanoidRootPart.CFrame)end;PosMon=a:GetAttribute("Locked").Position;BringEnemy()EquipWeapon(_G.SelectWeapon)local b=game.Players.LocalPlayer.Character:FindFirstChildOfClass("Tool")local c=b.ToolTip;if c=="Blox Fruit"then _tp(a.HumanoidRootPart.CFrame*CFrame.new(0,10,0)*CFrame.Angles(0,math.rad(90),0))else notween(a.HumanoidRootPart.CFrame*CFrame.new(0,50,8))wait(.85)notween(a.HumanoidRootPart.CFrame*CFrame.new(0,400,0))wait(1)end end end;V.Sword=function(a,b)if a and b then if not a:GetAttribute("Locked")then a:SetAttribute("Locked",a.HumanoidRootPart.CFrame)end;PosMon=a:GetAttribute("Locked").Position;BringEnemy()weaponSc("Sword")_tp(a.HumanoidRootPart.CFrame*CFrame.new(0,30,0))if RandomCFrame then wait(.1)_tp(a.HumanoidRootPart.CFrame*CFrame.new(0,30,25))wait(.1)_tp(a.HumanoidRootPart.CFrame*CFrame.new(25,30,0))wait(.1)_tp(a.HumanoidRootPart.CFrame*CFrame.new(-25,30,0))wait(.1)_tp(a.HumanoidRootPart.CFrame*CFrame.new(0,30,25))wait(.1)_tp(a.HumanoidRootPart.CFrame*CFrame.new(-25,30,0))end end end;V.Mas=function(a,b)if a and b then if not a:GetAttribute("Locked")then a:SetAttribute("Locked",a.HumanoidRootPart.CFrame)end;PosMon=a:GetAttribute("Locked").Position;BringEnemy()if a.Humanoid.Health<=HealthM then _tp(a.HumanoidRootPart.CFrame*CFrame.new(0,20,0))Useskills("Blox Fruit","Z")Useskills("Blox Fruit","X")Useskills("Blox Fruit","C")else weaponSc("Melee")_tp(a.HumanoidRootPart.CFrame*CFrame.new(0,30,0))end end end;V.Masgun=function(a,b)if a and b then if not a:GetAttribute("Locked")then a:SetAttribute("Locked",a.HumanoidRootPart.CFrame)end;PosMon=a:GetAttribute("Locked").Position;BringEnemy()if a.Humanoid.Health<=HealthM then _tp(a.HumanoidRootPart.CFrame*CFrame.new(0,35,8))Useskills("Gun","Z")Useskills("Gun","X")else weaponSc("Melee")_tp(a.HumanoidRootPart.CFrame*CFrame.new(0,30,0))end end end;statsSetings=function(a,c)if a=="Melee"then if b.Data.Points.Value~=0 then d.Remotes.CommF_:InvokeServer("AddPoint","Melee",c)end elseif a=="Defense"then if b.Data.Points.Value~=0 then d.Remotes.CommF_:InvokeServer("AddPoint","Defense",c)end elseif a=="Sword"then if b.Data.Points.Value~=0 then d.Remotes.CommF_:InvokeServer("AddPoint","Sword",c)end elseif a=="Gun"then if b.Data.Points.Value~=0 then d.Remotes.CommF_:InvokeServer("AddPoint","Gun",c)end elseif a=="Devil"then if b.Data.Points.Value~=0 then d.Remotes.CommF_:InvokeServer("AddPoint","Demon Fruit",c)end end end;BringEnemy=function()if not _B then return end;for a,c in pairs(workspace.Enemies:GetChildren())do if c:FindFirstChild("Humanoid")and c.Humanoid.Health>0 then if(c.PrimaryPart.Position-PosMon).Magnitude<=300 then c.PrimaryPart.CFrame=CFrame.new(PosMon)c.PrimaryPart.CanCollide=true;c:FindFirstChild("Humanoid").WalkSpeed=0;c:FindFirstChild("Humanoid").JumpPower=0;if c.Humanoid:FindFirstChild("Animator")then c.Humanoid.Animator:Destroy()end;b.SimulationRadius=math.huge end end end end;Useskills=function(a,b)if a=="Melee"then weaponSc("Melee")if b=="Z"then j:SendKeyEvent(true,"Z",false,game)j:SendKeyEvent(false,"Z",false,game)elseif b=="X"then j:SendKeyEvent(true,"X",false,game)j:SendKeyEvent(false,"X",false,game)elseif b=="C"then j:SendKeyEvent(true,"C",false,game)j:SendKeyEvent(false,"C",false,game)end elseif a=="Sword"then weaponSc("Sword")if b=="Z"then j:SendKeyEvent(true,"Z",false,game)j:SendKeyEvent(false,"Z",false,game)elseif b=="X"then j:SendKeyEvent(true,"X",false,game)j:SendKeyEvent(false,"X",false,game)end elseif a=="Blox Fruit"then weaponSc("Blox Fruit")if b=="Z"then j:SendKeyEvent(true,"Z",false,game)j:SendKeyEvent(false,"Z",false,game)elseif b=="X"then j:SendKeyEvent(true,"X",false,game)j:SendKeyEvent(false,"X",false,game)elseif b=="C"then j:SendKeyEvent(true,"C",false,game)j:SendKeyEvent(false,"C",false,game)elseif b=="V"then j:SendKeyEvent(true,"V",false,game)j:SendKeyEvent(false,"V",false,game)end elseif a=="Gun"then weaponSc("Gun")if b=="Z"then j:SendKeyEvent(true,"Z",false,game)j:SendKeyEvent(false,"Z",false,game)elseif b=="X"then j:SendKeyEvent(true,"X",false,game)j:SendKeyEvent(false,"X",false,game)end end;if a=="nil"and b=="Y"then j:SendKeyEvent(true,"Y",false,game)j:SendKeyEvent(false,"Y",false,game)end end;local W=getrawmetatable(game)local X=W.__namecall;setreadonly(W,false)W.__namecall=newcclosure(function(...)local a=getnamecallmethod()local b={...}if tostring(a)=="FireServer"then if tostring(b[1])=="RemoteEvent"then if tostring(b[2])~="true"and tostring(b[2])~="false"then if _G.FarmMastery_G and not A or _G.FarmMastery_Dev or _G.FarmBlazeEM or _G.Prehis_Skills or _G.SeaBeast1 or _G.FishBoat or _G.PGB or _G.Leviathan1 or _G.Complete_Trials or _G.AimMethod and ABmethod=="AimBots Skill"or _G.AimMethod and ABmethod=="Auto Aimbots"then if MousePos~=nil then b[2]=MousePos;return X(unpack(b))end end end end end;return X(...)end)GetConnectionEnemies=function(a)for b,c in pairs(d:GetChildren())do if c:IsA("Model")and((typeof(a)=="table"and table.find(a,c.Name)or c.Name==a)and(c:FindFirstChild("Humanoid")and c.Humanoid.Health>0))then return c end end;for b,c in next,game.Workspace.Enemies:GetChildren()do if c:IsA("Model")and((typeof(a)=="table"and table.find(a,c.Name)or c.Name==a)and(c:FindFirstChild("Humanoid")and c.Humanoid.Health>0))then return c end end end;LowCpu=function()local a=true;local b=game;local c=b.Workspace;local d=b.Lighting;local e=c.Terrain;e.WaterWaveSize=0;e.WaterWaveSpeed=0;e.WaterReflectance=0;e.WaterTransparency=0;d.GlobalShadows=false;d.FogEnd=9000000000.0;d.Brightness=0;settings().Rendering.QualityLevel="Level01"for b,c in pairs(b:GetDescendants())do if c:IsA("Part")or c:IsA("Union")or c:IsA("CornerWedgePart")or c:IsA("TrussPart")then c.Material="Plastic"c.Reflectance=0 elseif c:IsA("Decal")or c:IsA("Texture")and a then c.Transparency=1 elseif c:IsA("ParticleEmitter")or c:IsA("Trail")then c.Lifetime=NumberRange.new(0)elseif c:IsA("Explosion")then c.BlastPressure=1;c.BlastRadius=1 elseif c:IsA("Fire")or c:IsA("SpotLight")or c:IsA("Smoke")or c:IsA("Sparkles")then c.Enabled=false elseif c:IsA("MeshPart")then c.Material="Plastic"c.Reflectance=0;c.TextureID=10385902758728957 end end;for a,b in pairs(d:GetChildren())do if b:IsA("BlurEffect")or b:IsA("SunRaysEffect")or b:IsA("ColorCorrectionEffect")or b:IsA("BloomEffect")or b:IsA("DepthOfFieldEffect")then b.Enabled=false end end end;CheckF=function()if GetBP("Dragon-Dragon")or GetBP("Gas-Gas")or GetBP("Yeti-Yeti")or GetBP("Kitsune-Kitsune")or GetBP("T-Rex-T-Rex")then return true end end;CheckBoat=function()for a,c in pairs(workspace.Boats:GetChildren())do if tostring(c.Owner.Value)==tostring(b.Name)then return c end end;return false end;CheckEnemiesBoat=function()for a,b in pairs(workspace.Enemies:GetChildren())do if b.Name=="FishBoat"and b:FindFirstChild("Health").Value>0 then return true end end;return false end;CheckPirateGrandBrigade=function()for a,b in pairs(workspace.Enemies:GetChildren())do if(b.Name=="PirateGrandBrigade"or b.Name=="PirateBrigade")and b:FindFirstChild("Health").Value>0 then return true end end;return false end;CheckShark=function()for a,b in pairs(workspace.Enemies:GetChildren())do if b.Name=="Shark"and V.Alive(b)then return true end end;return false end;CheckTerrorShark=function()for a,b in pairs(workspace.Enemies:GetChildren())do if b.Name=="Terrorshark"and V.Alive(b)then return true end end;return false end;CheckPiranha=function()for a,b in pairs(workspace.Enemies:GetChildren())do if b.Name=="Piranha"and V.Alive(b)then return true end end;return false end;CheckFishCrew=function()for a,b in pairs(workspace.Enemies:GetChildren())do if(b.Name=="Fish Crew Member"or b.Name=="Haunted Crew Member")and V.Alive(b)then return true end end;return false end;CheckHauntedCrew=function()for a,b in pairs(workspace.Enemies:GetChildren())do if b.Name=="Haunted Crew Member"and V.Alive(b)then return true end end;return false end;CheckSeaBeast=function()if workspace.SeaBeasts:FindFirstChild("SeaBeast1")then return true end;return false end;CheckLeviathan=function()if workspace.SeaBeasts:FindFirstChild("Leviathan")then return true end;return false end;UpdStFruit=function()for a,c in next,b.Backpack:GetChildren()do StoreFruit=c:FindFirstChild("EatRemote",true)if StoreFruit then d.Remotes.CommF_:InvokeServer("StoreFruit",StoreFruit.Parent:GetAttribute("OriginalName"),b.Backpack:FindFirstChild(c.Name))end end end;collectFruits=function(a)if a then local a=b.Character;for b,c in pairs(workspace:GetChildren())do if string.find(c.Name,"Fruit")then c.Handle.CFrame=a.HumanoidRootPart.CFrame end end end end;Getmoon=function()if World1 then return h.FantasySky.MoonTextureId elseif World2 then return h.FantasySky.MoonTextureId elseif World3 then return h.Sky.MoonTextureId end end;DropFruits=function()for a,c in next,b.Backpack:GetChildren()do if string.find(c.Name,"Fruit")then EquipWeapon(c.Name)wait(.1)if b.PlayerGui.Main.Dialogue.Visible==true then b.PlayerGui.Main.Dialogue.Visible=false end;EquipWeapon(c.Name)b.Character:FindFirstChild(c.Name).EatRemote:InvokeServer("Drop")end end;for a,c in pairs(b.Character:GetChildren())do if string.find(c.Name,"Fruit")then EquipWeapon(c.Name)wait(.1)if b.PlayerGui.Main.Dialogue.Visible==true then b.PlayerGui.Main.Dialogue.Visible=false end;EquipWeapon(c.Name)b.Character:FindFirstChild(c.Name).EatRemote:InvokeServer("Drop")end end end;GetBP=function(a)return b.Backpack:FindFirstChild(a)or b.Character:FindFirstChild(a)end;GetIn=function(a)for c,d in pairs(d.Remotes.CommF_:InvokeServer("getInventory"))do if type(d)=="table"then if d.Name==a or b.Character:FindFirstChild(a)or b.Backpack:FindFirstChild(a)then return true end end end;return false end;GetM=function(a)for b,c in pairs(d.Remotes.CommF_:InvokeServer("getInventory"))do if type(c)=="table"then if c.Type=="Material"then if c.Name==a then return c.Count end end end end;return 0 end;GetWP=function(a)for c,d in pairs(d.Remotes.CommF_:InvokeServer("getInventory"))do if type(d)=="table"then if d.Type=="Sword"then if d.Name==a or b.Character:FindFirstChild(a)or b.Backpack:FindFirstChild(a)then return true end end end end;return false end;getInfinity_Ability=function(a,d)if not c then return end;if a=="Soru"and d then for a,c in next,getgc()do if b.Character.Soru then if typeof(c)=="function"and getfenv(c).script==b.Character.Soru then for a,c in next,getupvalues(c)do if typeof(c)=="table"then repeat wait(G)c.LastUse=0 until not d or b.Character.Humanoid.Health<=0 end end end end end elseif a=="Energy"and d then b.Character.Energy.Changed:connect(function()if d then b.Character.Energy.Value=p end end)elseif a=="Observation"and d then local a=b.VisionRadius;a.Value=math.huge end end;Hop=function()pcall(function()for a=math.random(1,math.random(40,75)),100,1 do local b=d.__ServerBrowser:InvokeServer(a)for a,b in next,b do if tonumber(b.Count)<12 then f:TeleportToPlaceInstance(game.PlaceId,a)end end end end)end;local Y=Instance.new("Part",workspace)Y.Size=Vector3.new(1,1,1)Y.Name="Rip_Indra"Y.Anchored=true;Y.CanCollide=false;Y.CanTouch=false;Y.Transparency=1;local Z=workspace:FindFirstChild(Y.Name)if Z and Z~=Y then Z:Destroy()end;task.spawn(function()while task.wait()do if Y and Y.Parent==workspace then if z then getgenv().OnFarm=true else getgenv().OnFarm=false end else getgenv().OnFarm=false end end end)task.spawn(function()local a=game.Players.LocalPlayer;repeat task.wait()until a.Character and a.Character.PrimaryPart;Y.CFrame=a.Character.PrimaryPart.CFrame;while task.wait()do pcall(function()if getgenv().OnFarm then if Y and Y.Parent==workspace then local b=a.Character and a.Character.PrimaryPart;if b and(b.Position-Y.Position).Magnitude<=200 then b.CFrame=Y.CFrame else Y.CFrame=b.CFrame end end;local b=a.Character;if b then for a,b in pairs(b:GetChildren())do if b:IsA("BasePart")then b.CanCollide=false end end end else local b=a.Character;if b then for a,b in pairs(b:GetChildren())do if b:IsA("BasePart")then b.CanCollide=true end end end end end)end end)_tp=function(a)local c=b.Character;if not c or not c:FindFirstChild("HumanoidRootPart")then return end;local d=c.HumanoidRootPart;local e=(a.Position-d.Position).Magnitude;local f=TweenInfo.new(e/300,Enum.EasingStyle.Linear)local g=game:GetService("TweenService"):Create(Y,f,{CFrame=a})if b.Character.Humanoid.Sit==true then Y.CFrame=CFrame.new(Y.Position.X,a.Y,Y.Position.Z)end;g:Play()task.spawn(function()while g.PlaybackState==Enum.PlaybackState.Playing do if not z then g:Cancel()break end;task.wait(.1)end end)end;TeleportToTarget=function(a)if(a.Position-b.Character.HumanoidRootPart.Position).Magnitude>1000 then _tp(a)else _tp(a)end end;notween=function(a)b.Character.HumanoidRootPart.CFrame=a end;function BTP(a)local b=game.Players.LocalPlayer;local c=b.Character.HumanoidRootPart;local d=b.Character.Humanoid;local e=b.PlayerGui.Main;local f=a.Position;local g=c.Position;repeat d.Health=0;c.CFrame=a;e.Quest.Visible=false;if(c.Position-g).Magnitude>1 then g=c.Position;c.CFrame=a end;task.wait(.5)until(a.Position-c.Position).Magnitude<=2000 end;spawn(function()while task.wait()do pcall(function()if _G.SailBoat_Hydra or _G.WardenBoss or _G.AutoFactory or _G.HighestMirage or _G.HCM or _G.PGB or _G.Leviathan1 or _G.UPGDrago or _G.Complete_Trials or _G.TpDrago_Prehis or _G.BuyDrago or _G.AutoFireFlowers or _G.DT_Uzoth or _G.AutoBerry or _G.Prehis_Find or _G.Prehis_Skills or _G.Prehis_DB or _G.Prehis_DE or _G.FarmBlazeEM or _G.Dojoo or _G.CollectPresent or _G.AutoLawKak or _G.TpLab or _G.AutoPhoenixF or _G.AutoFarmChest or _G.AutoHytHallow or _G.LongsWord or _G.BlackSpikey or _G.AutoHolyTorch or _G.TrainDrago or _G.AutoSaber or _G.FarmMastery_Dev or _G.CitizenQuest or _G.AutoEctoplasm or _G.KeysRen or _G.Auto_Rainbow_Haki or _G.obsFarm or _G.AutoBigmom or _G.Doughv2 or _G.AuraBoss or _G.Raiding or _G.Auto_Cavender or _G.TpPly or _G.Bartilo_Quest or _G.Level or _G.FarmEliteHunt or _G.AutoZou or _G.AutoFarm_Bone or getgenv().AutoMaterial or _G.CraftVM or _G.FrozenTP or _G.TPDoor or _G.AcientOne or _G.AutoFarmNear or _G.AutoRaidCastle or _G.DarkBladev3 or _G.AutoFarmRaid or _G.Auto_Cake_Prince or _G.Addealer or _G.TPNpc or _G.TwinHook or _G.FindMirage or _G.FarmChestM or _G.Shark or _G.TerrorShark or _G.Piranha or _G.MobCrew or _G.SeaBeast1 or _G.FishBoat or _G.AutoPole or _G.AutoPoleV2 or _G.Auto_SuperHuman or _G.AutoDeathStep or _G.Auto_SharkMan_Karate or _G.Auto_Electric_Claw or _G.AutoDragonTalon or _G.Auto_Def_DarkCoat or _G.Auto_God_Human or _G.Auto_Tushita or _G.AutoMatSoul or _G.AutoKenVTWO or _G.AutoSerpentBow or _G.AutoFMon or _G.Auto_Soul_Guitar or _G.TPGEAR or _G.AutoSaw or _G.AutoTridentW2 or _G.Auto_StartRaid or _G.AutoEvoRace or _G.AutoGetQuestBounty or _G.MarinesCoat or _G.TravelDres or _G.Defeating or _G.DummyMan or _G.Auto_Yama or _G.Auto_SwanGG or _G.SwanCoat or _G.AutoEcBoss or _G.Auto_Mink or _G.Auto_Human or _G.Auto_Skypiea or _G.Auto_Fish or _G.CDK_TS or _G.CDK_YM or _G.CDK or _G.AutoFarmGodChalice or _G.AutoFistDarkness or _G.AutoMiror or _G.Teleport or _G.AutoKilo or _G.AutoGetUsoap or _G.Praying or _G.TryLucky or _G.AutoColShad or _G.AutoUnHaki or _G.Auto_DonAcces or _G.AutoRipIngay or _G.DragoV3 or _G.DragoV1 or _G.SailBoats or NextIs or _G.FarmGodChalice or _G.IceBossRen or senth or senth2 or _G.Lvthan or _G.beasthunter or _G.DangerLV or _G.Relic123 or _G.tweenKitsune or _G.Collect_Ember or _G.AutofindKitIs or _G.snaguine or _G.TwFruits or _G.tweenKitShrine or _G.Tp_LgS or _G.Tp_MasterA or _G.tweenShrine or _G.FarmMastery_G or _G.FarmMastery_S then z=true;if not b.Character.HumanoidRootPart:FindFirstChild("BodyClip")then local a=Instance.new("BodyVelocity")a.Name="BodyClip"a.Parent=b.Character.HumanoidRootPart;a.MaxForce=Vector3.new(100000,100000,100000)a.Velocity=Vector3.new(0,0,0)end;if not b.Character:FindFirstChild("highlight")then local a=Instance.new("Highlight")a.Name="highlight"a.Enabled=true;a.FillColor=Color3.fromRGB(210,40,40)a.OutlineColor=Color3.fromRGB(255,255,255)a.FillTransparency=.5;a.OutlineTransparency=.2;a.Parent=b.Character end;for a,b in pairs(b.Character:GetDescendants())do if b:IsA("BasePart")then b.CanCollide=false end end else z=false;if b.Character.HumanoidRootPart:FindFirstChild("BodyClip")then b.Character.HumanoidRootPart:FindFirstChild("BodyClip"):Destroy()end;if b.Character:FindFirstChild("highlight")then b.Character:FindFirstChild("highlight"):Destroy()end end end)end end)MaterialMon=function()local a=game.Players.LocalPlayer;local b=a.Character and a.Character:FindFirstChild("HumanoidRootPart")if not b then return end;shouldRequestEntrance=function(a,c)local e=(b.Position-a).Magnitude;if e>=c then d.Remotes.CommF_:InvokeServer("requestEntrance",a)end end;if World1 then if SelectMaterial=="Angel Wings"then MMon={"Shanda","Royal Squad","Royal Soldier","Wysper","Thunder God"}MPos=CFrame.new(-4698,845,-1912)SP="Default"local a=Vector3.new(-4607.82275,872.54248,-1667.55688)shouldRequestEntrance(a,10000)elseif SelectMaterial=="Leather + Scrap Metal"then MMon={"Brute","Pirate"}MPos=CFrame.new(-1145,15,4350)SP="Default"elseif SelectMaterial=="Magma Ore"then MMon={"Military Soldier","Military Spy","Magma Admiral"}MPos=CFrame.new(-5815,84,8820)SP="Default"elseif SelectMaterial=="Fish Tail"then MMon={"Fishman Warrior","Fishman Commando","Fishman Lord"}MPos=CFrame.new(61123,19,1569)SP="Default"local a=Vector3.new(61163.8515625,5.342342376709,1819.7841796875)shouldRequestEntrance(a,17000)end elseif World2 then if SelectMaterial=="Leather + Scrap Metal"then MMon={"Marine Captain"}MPos=CFrame.new(-2010.5059814453,73.001159667969,-3326.6208496094)SP="Default"elseif SelectMaterial=="Magma Ore"then MMon={"Magma Ninja","Lava Pirate"}MPos=CFrame.new(-5428,78,-5959)SP="Default"elseif SelectMaterial=="Ectoplasm"then MMon={"Ship Deckhand","Ship Engineer","Ship Steward","Ship Officer"}MPos=CFrame.new(911.35827636719,125.95812988281,33159.5390625)SP="Default"local a=Vector3.new(61163.8515625,5.342342376709,1819.7841796875)shouldRequestEntrance(a,18000)elseif SelectMaterial=="Mystic Droplet"then MMon={"Water Fighter"}MPos=CFrame.new(-3385,239,-10542)SP="Default"elseif SelectMaterial=="Radioactive Material"then MMon={"Factory Staff"}MPos=CFrame.new(295,73,-56)SP="Default"elseif SelectMaterial=="Vampire Fang"then MMon={"Vampire"}MPos=CFrame.new(-6033,7,-1317)SP="Default"end elseif World3 then if SelectMaterial=="Scrap Metal"then MMon={"Jungle Pirate","Forest Pirate"}MPos=CFrame.new(-11975.78515625,331.77340698242,-10620.030273438)SP="Default"elseif SelectMaterial=="Fish Tail"then MMon={"Fishman Raider","Fishman Captain"}MPos=CFrame.new(-10993,332,-8940)SP="Default"elseif SelectMaterial=="Conjured Cocoa"then MMon={"Chocolate Bar Battler","Cocoa Warrior"}MPos=CFrame.new(620.63446044922,78.936447143555,-12581.369140625)SP="Default"elseif SelectMaterial=="Dragon Scale"then MMon={"Dragon Crew Archer","Dragon Crew Warrior"}MPos=CFrame.new(6594,383,139)SP="Default"elseif SelectMaterial=="Gunpowder"then MMon={"Pistol Billionaire"}MPos=CFrame.new(-84.855690002441,85.620613098145,6132.0087890625)SP="Default"elseif SelectMaterial=="Mini Tusk"then MMon={"Mythological Pirate"}MPos=CFrame.new(-13545,470,-6917)SP="Default"elseif SelectMaterial=="Demonic Wisp"then MMon={"Demonic Soul"}MPos=CFrame.new(-9495.6806640625,453.58624267578,5977.3486328125)SP="Default"end end end;function CheckQuest()MyLevel=game:GetService("Players").LocalPlayer.Data.Level.Value;if World1 then if MyLevel>=1 and MyLevel<=9 then Mon="Bandit"LevelQuest=1;NameQuest="BanditQuest1"NameMon="Bandit"CFrameQuest=CFrame.new(1059.37195,15.4495068,1550.4231,.939700544,0,-0.341998369,0,1,0,.341998369,0,.939700544)CFrameMon=CFrame.new(1045.9626464844,27.002508163452,1560.8203125)elseif MyLevel>=10 and MyLevel<=14 then Mon="Monkey"LevelQuest=1;NameQuest="JungleQuest"NameMon="Monkey"CFrameQuest=CFrame.new(-1598.08911,35.5501175,153.377838,0,0,1,0,1,0,-1,0,0)CFrameMon=CFrame.new(-1448.5180664062,67.853012084961,11.465796470642)elseif MyLevel>=15 and MyLevel<=29 then Mon="Gorilla"LevelQuest=2;NameQuest="JungleQuest"NameMon="Gorilla"CFrameQuest=CFrame.new(-1598.08911,35.5501175,153.377838,0,0,1,0,1,0,-1,0,0)CFrameMon=CFrame.new(-1129.8836669922,40.46354675293,-525.42370605469)elseif MyLevel>=30 and MyLevel<=39 then Mon="Pirate"LevelQuest=1;NameQuest="BuggyQuest1"NameMon="Pirate"CFrameQuest=CFrame.new(-1141.07483,4.10001802,3831.5498,.965929627,0,-0.258804798,0,1,0,.258804798,0,.965929627)CFrameMon=CFrame.new(-1103.5134277344,13.752052307129,3896.0910644531)elseif MyLevel>=40 and MyLevel<=59 then Mon="Brute"LevelQuest=2;NameQuest="BuggyQuest1"NameMon="Brute"CFrameQuest=CFrame.new(-1141.07483,4.10001802,3831.5498,.965929627,0,-0.258804798,0,1,0,.258804798,0,.965929627)CFrameMon=CFrame.new(-1140.0837402344,14.809885025024,4322.9213867188)elseif MyLevel>=60 and MyLevel<=74 then Mon="Desert Bandit"LevelQuest=1;NameQuest="DesertQuest"NameMon="Desert Bandit"CFrameQuest=CFrame.new(894.488647,5.14000702,4392.43359,.819155693,0,-0.573571265,0,1,0,.573571265,0,.819155693)CFrameMon=CFrame.new(924.7998046875,6.4486746788025,4481.5859375)elseif MyLevel>=75 and MyLevel<=89 then Mon="Desert Officer"LevelQuest=2;NameQuest="DesertQuest"NameMon="Desert Officer"CFrameQuest=CFrame.new(894.488647,5.14000702,4392.43359,.819155693,0,-0.573571265,0,1,0,.573571265,0,.819155693)CFrameMon=CFrame.new(1608.2822265625,8.6142244338989,4371.0073242188)elseif MyLevel>=90 and MyLevel<=99 then Mon="Snow Bandit"LevelQuest=1;NameQuest="SnowQuest"NameMon="Snow Bandit"CFrameQuest=CFrame.new(1389.74451,88.1519318,-1298.90796,-0.342042685,0,.939684391,0,1,0,-0.939684391,0,-0.342042685)CFrameMon=CFrame.new(1354.3479003906,87.272773742676,-1393.9465332031)elseif MyLevel>=100 and MyLevel<=119 then Mon="Snowman"LevelQuest=2;NameQuest="SnowQuest"NameMon="Snowman"CFrameQuest=CFrame.new(1389.74451,88.1519318,-1298.90796,-0.342042685,0,.939684391,0,1,0,-0.939684391,0,-0.342042685)CFrameMon=CFrame.new(1201.6412353516,144.57958984375,-1550.0670166016)elseif MyLevel>=120 and MyLevel<=149 then Mon="Chief Petty Officer"LevelQuest=1;NameQuest="MarineQuest2"NameMon="Chief Petty Officer"CFrameQuest=CFrame.new(-5039.58643,27.3500385,4324.68018,0,0,-1,0,1,0,1,0,0)CFrameMon=CFrame.new(-4881.2309570312,22.652044296265,4273.7524414062)elseif MyLevel>=150 and MyLevel<=174 then Mon="Sky Bandit"LevelQuest=1;NameQuest="SkyQuest"NameMon="Sky Bandit"CFrameQuest=CFrame.new(-4839.53027,716.368591,-2619.44165,.866007268,0,.500031412,0,1,0,-0.500031412,0,.866007268)CFrameMon=CFrame.new(-4953.20703125,295.74420166016,-2899.2290039062)elseif MyLevel>=175 and MyLevel<=189 then Mon="Dark Master"LevelQuest=2;NameQuest="SkyQuest"NameMon="Dark Master"CFrameQuest=CFrame.new(-4839.53027,716.368591,-2619.44165,.866007268,0,.500031412,0,1,0,-0.500031412,0,.866007268)CFrameMon=CFrame.new(-5259.8447265625,391.39767456055,-2229.0354003906)elseif MyLevel>=190 and MyLevel<=209 then Mon="Prisoner"LevelQuest=1;NameQuest="PrisonerQuest"NameMon="Prisoner"CFrameQuest=CFrame.new(5308.93115,1.65517521,475.120514,-0.0894274712,-5.00292918e-09,-0.995993316,1.60817859e-09,1,-5.16744869e-09,.995993316,-2.06384709e-09,-0.0894274712)CFrameMon=CFrame.new(5098.9736328125,-0.3204058110714,474.23733520508)elseif MyLevel>=210 and MyLevel<=249 then Mon="Dangerous Prisoner"LevelQuest=2;NameQuest="PrisonerQuest"NameMon="Dangerous Prisoner"CFrameQuest=CFrame.new(5308.93115,1.65517521,475.120514,-0.0894274712,-5.00292918e-09,-0.995993316,1.60817859e-09,1,-5.16744869e-09,.995993316,-2.06384709e-09,-0.0894274712)CFrameMon=CFrame.new(5654.5634765625,15.633401870728,866.29919433594)elseif MyLevel>=250 and MyLevel<=274 then Mon="Toga Warrior"LevelQuest=1;NameQuest="ColosseumQuest"NameMon="Toga Warrior"CFrameQuest=CFrame.new(-1580.04663,6.35000277,-2986.47534,-0.515037298,0,-0.857167721,0,1,0,.857167721,0,-0.515037298)CFrameMon=CFrame.new(-1820.21484375,51.683856964111,-2740.6650390625)elseif MyLevel>=275 and MyLevel<=299 then Mon="Gladiator"LevelQuest=2;NameQuest="ColosseumQuest"NameMon="Gladiator"CFrameQuest=CFrame.new(-1580.04663,6.35000277,-2986.47534,-0.515037298,0,-0.857167721,0,1,0,.857167721,0,-0.515037298)CFrameMon=CFrame.new(-1292.8381347656,56.380882263184,-3339.0314941406)elseif MyLevel>=300 and MyLevel<=324 then Mon="Military Soldier"LevelQuest=1;NameQuest="MagmaQuest"NameMon="Military Soldier"CFrameQuest=CFrame.new(-5313.37012,10.9500084,8515.29395,-0.499959469,0,.866048813,0,1,0,-0.866048813,0,-0.499959469)CFrameMon=CFrame.new(-5411.1645507812,11.081554412842,8454.29296875)elseif MyLevel>=325 and MyLevel<=374 then Mon="Military Spy"LevelQuest=2;NameQuest="MagmaQuest"NameMon="Military Spy"CFrameQuest=CFrame.new(-5313.37012,10.9500084,8515.29395,-0.499959469,0,.866048813,0,1,0,-0.866048813,0,-0.499959469)CFrameMon=CFrame.new(-5802.8681640625,86.262413024902,8828.859375)elseif MyLevel>=375 and MyLevel<=399 then Mon="Fishman Warrior"LevelQuest=1;NameQuest="FishmanQuest"NameMon="Fishman Warrior"CFrameQuest=CFrame.new(61122.65234375,18.497442245483,1569.3997802734)CFrameMon=CFrame.new(60878.30078125,18.482830047607,1543.7574462891)if getgenv().AutoFarm and(CFrameQuest.Position-game.Players.LocalPlayer.Character.HumanoidRootPart.Position).Magnitude>10000 then game:GetService("ReplicatedStorage").Remotes.CommF_:InvokeServer("requestEntrance",Vector3.new(61163.8515625,11.6796875,1819.7841796875))end elseif MyLevel>=400 and MyLevel<=449 then Mon="Fishman Commando"LevelQuest=2;NameQuest="FishmanQuest"NameMon="Fishman Commando"CFrameQuest=CFrame.new(61122.65234375,18.497442245483,1569.3997802734)CFrameMon=CFrame.new(61922.6328125,18.482830047607,1493.9343261719)if getgenv().AutoFarm and(CFrameQuest.Position-game.Players.LocalPlayer.Character.HumanoidRootPart.Position).Magnitude>10000 then game:GetService("ReplicatedStorage").Remotes.CommF_:InvokeServer("requestEntrance",Vector3.new(61163.8515625,11.6796875,1819.7841796875))end elseif MyLevel>=450 and MyLevel<=474 then Mon="God\'s Guard"LevelQuest=1;NameQuest="SkyExp1Quest"NameMon="God\'s Guard"CFrameQuest=CFrame.new(-4721.88867,843.874695,-1949.96643,.996191859,0,-0.0871884301,0,1,0,.0871884301,0,.996191859)CFrameMon=CFrame.new(-4710.04296875,845.27697753906,-1927.3079833984)if getgenv().AutoFarm and(CFrameQuest.Position-game.Players.LocalPlayer.Character.HumanoidRootPart.Position).Magnitude>10000 then game:GetService("ReplicatedStorage").Remotes.CommF_:InvokeServer("requestEntrance",Vector3.new(-4607.82275,872.54248,-1667.55688))end elseif MyLevel>=475 and MyLevel<=524 then Mon="Shanda"LevelQuest=2;NameQuest="SkyExp1Quest"NameMon="Shanda"CFrameQuest=CFrame.new(-7859.09814,5544.19043,-381.476196,-0.422592998,0,.906319618,0,1,0,-0.906319618,0,-0.422592998)CFrameMon=CFrame.new(-7678.4897460938,5566.4038085938,-497.21560668945)if getgenv().AutoFarm and(CFrameQuest.Position-game.Players.LocalPlayer.Character.HumanoidRootPart.Position).Magnitude>10000 then game:GetService("ReplicatedStorage").Remotes.CommF_:InvokeServer("requestEntrance",Vector3.new(-7894.6176757813,5547.1416015625,-380.29119873047))end elseif MyLevel>=525 and MyLevel<=549 then Mon="Royal Squad"LevelQuest=1;NameQuest="SkyExp2Quest"NameMon="Royal Squad"CFrameQuest=CFrame.new(-7906.81592,5634.6626,-1411.99194,0,0,-1,0,1,0,1,0,0)CFrameMon=CFrame.new(-7624.2524414062,5658.1333007812,-1467.3542480469)elseif MyLevel>=550 and MyLevel<=624 then Mon="Royal Soldier"LevelQuest=2;NameQuest="SkyExp2Quest"NameMon="Royal Soldier"CFrameQuest=CFrame.new(-7906.81592,5634.6626,-1411.99194,0,0,-1,0,1,0,1,0,0)CFrameMon=CFrame.new(-7836.7534179688,5645.6640625,-1790.6236572266)elseif MyLevel>=625 and MyLevel<=649 then Mon="Galley Pirate"LevelQuest=1;NameQuest="FountainQuest"NameMon="Galley Pirate"CFrameQuest=CFrame.new(5259.81982,37.3500175,4050.0293,.087131381,0,.996196866,0,1,0,-0.996196866,0,.087131381)CFrameMon=CFrame.new(5551.0219726562,78.901351928711,3930.4128417969)elseif MyLevel>=650 then Mon="Galley Captain"LevelQuest=2;NameQuest="FountainQuest"NameMon="Galley Captain"CFrameQuest=CFrame.new(5259.81982,37.3500175,4050.0293,.087131381,0,.996196866,0,1,0,-0.996196866,0,.087131381)CFrameMon=CFrame.new(5441.9516601562,42.502059936523,4950.09375)end elseif World2 then if MyLevel>=700 and MyLevel<=724 then Mon="Raider"LevelQuest=1;NameQuest="Area1Quest"NameMon="Raider"CFrameQuest=CFrame.new(-429.543518,71.7699966,1836.18188,-0.22495985,0,-0.974368095,0,1,0,.974368095,0,-0.22495985)CFrameMon=CFrame.new(-728.32672119141,52.779319763184,2345.7705078125)elseif MyLevel>=725 and MyLevel<=774 then Mon="Mercenary"LevelQuest=2;NameQuest="Area1Quest"NameMon="Mercenary"CFrameQuest=CFrame.new(-429.543518,71.7699966,1836.18188,-0.22495985,0,-0.974368095,0,1,0,.974368095,0,-0.22495985)CFrameMon=CFrame.new(-1004.3244018555,80.158866882324,1424.6193847656)elseif MyLevel>=775 and MyLevel<=799 then Mon="Swan Pirate"LevelQuest=1;NameQuest="Area2Quest"NameMon="Swan Pirate"CFrameQuest=CFrame.new(638.43811,71.769989,918.282898,.139203906,0,.99026376,0,1,0,-0.99026376,0,.139203906)CFrameMon=CFrame.new(1068.6643066406,137.61428833008,1322.1060791016)elseif MyLevel>=800 and MyLevel<=874 then Mon="Factory Staff"NameQuest="Area2Quest"LevelQuest=2;NameMon="Factory Staff"CFrameQuest=CFrame.new(632.698608,73.1055908,918.666321,-0.0319722369,8.96074881e-10,-0.999488771,1.36326533e-10,1,8.92172336e-10,.999488771,-1.07732087e-10,-0.0319722369)CFrameMon=CFrame.new(73.078674316406,81.863441467285,-27.470672607422)elseif MyLevel>=875 and MyLevel<=899 then Mon="Marine Lieutenant"LevelQuest=1;NameQuest="MarineQuest3"NameMon="Marine Lieutenant"CFrameQuest=CFrame.new(-2440.79639,71.7140732,-3216.06812,.866007268,0,.500031412,0,1,0,-0.500031412,0,.866007268)CFrameMon=CFrame.new(-2821.3723144531,75.897277832031,-3070.0891113281)elseif MyLevel>=900 and MyLevel<=949 then Mon="Marine Captain"LevelQuest=2;NameQuest="MarineQuest3"NameMon="Marine Captain"CFrameQuest=CFrame.new(-2440.79639,71.7140732,-3216.06812,.866007268,0,.500031412,0,1,0,-0.500031412,0,.866007268)CFrameMon=CFrame.new(-1861.2310791016,80.176582336426,-3254.6975097656)elseif MyLevel>=950 and MyLevel<=974 then Mon="Zombie"LevelQuest=1;NameQuest="ZombieQuest"NameMon="Zombie"CFrameQuest=CFrame.new(-5497.06152,47.5923004,-795.237061,-0.29242146,0,-0.95628953,0,1,0,.95628953,0,-0.29242146)CFrameMon=CFrame.new(-5657.7768554688,78.969734191895,-928.68701171875)elseif MyLevel>=975 and MyLevel<=999 then Mon="Vampire"LevelQuest=2;NameQuest="ZombieQuest"NameMon="Vampire"CFrameQuest=CFrame.new(-5497.06152,47.5923004,-795.237061,-0.29242146,0,-0.95628953,0,1,0,.95628953,0,-0.29242146)CFrameMon=CFrame.new(-6037.66796875,32.184638977051,-1340.6597900391)elseif MyLevel>=1000 and MyLevel<=1049 then Mon="Snow Trooper"LevelQuest=1;NameQuest="SnowMountainQuest"NameMon="Snow Trooper"CFrameQuest=CFrame.new(609.858826,400.119904,-5372.25928,-0.374604106,0,.92718488,0,1,0,-0.92718488,0,-0.374604106)CFrameMon=CFrame.new(549.14733886719,427.38705444336,-5563.6987304688)elseif MyLevel>=1050 and MyLevel<=1099 then Mon="Winter Warrior"LevelQuest=2;NameQuest="SnowMountainQuest"NameMon="Winter Warrior"CFrameQuest=CFrame.new(609.858826,400.119904,-5372.25928,-0.374604106,0,.92718488,0,1,0,-0.92718488,0,-0.374604106)CFrameMon=CFrame.new(1142.7451171875,475.63980102539,-5199.4165039062)elseif MyLevel>=1100 and MyLevel<=1124 then Mon="Lab Subordinate"LevelQuest=1;NameQuest="IceSideQuest"NameMon="Lab Subordinate"CFrameQuest=CFrame.new(-6064.06885,15.2422857,-4902.97852,.453972578,0,-0.891015649,0,1,0,.891015649,0,.453972578)CFrameMon=CFrame.new(-5707.4716796875,15.951709747314,-4513.3920898438)elseif MyLevel>=1125 and MyLevel<=1174 then Mon="Horned Warrior"LevelQuest=2;NameQuest="IceSideQuest"NameMon="Horned Warrior"CFrameQuest=CFrame.new(-6064.06885,15.2422857,-4902.97852,.453972578,0,-0.891015649,0,1,0,.891015649,0,.453972578)CFrameMon=CFrame.new(-6341.3666992188,15.951770782471,-5723.162109375)elseif MyLevel>=1175 and MyLevel<=1199 then Mon="Magma Ninja"LevelQuest=1;NameQuest="FireSideQuest"NameMon="Magma Ninja"CFrameQuest=CFrame.new(-5428.03174,15.0622921,-5299.43457,-0.882952213,0,.469463557,0,1,0,-0.469463557,0,-0.882952213)CFrameMon=CFrame.new(-5449.6728515625,76.658744812012,-5808.2006835938)elseif MyLevel>=1200 and MyLevel<=1249 then Mon="Lava Pirate"LevelQuest=2;NameQuest="FireSideQuest"NameMon="Lava Pirate"CFrameQuest=CFrame.new(-5428.03174,15.0622921,-5299.43457,-0.882952213,0,.469463557,0,1,0,-0.469463557,0,-0.882952213)CFrameMon=CFrame.new(-5213.3315429688,49.737880706787,-4701.451171875)elseif MyLevel>=1250 and MyLevel<=1274 then Mon="Ship Deckhand"LevelQuest=1;NameQuest="ShipQuest1"NameMon="Ship Deckhand"CFrameQuest=CFrame.new(1037.80127,125.092171,32911.6016)CFrameMon=CFrame.new(1212.0111083984,150.79205322266,33059.246